     X      Y hole density (D=24k)
     0      0   0.059785
     0      1   0.083939
     0      2   0.113975
     0      3   0.114064
     0      4   0.084163
     0      5   0.059952
     1      0   0.084303
     1      1   0.110078
     1      2   0.136714
     1      3   0.136916
     1      4   0.110608
     1      5   0.084888
     2      0   0.115594
     2      1   0.138086
     2      2   0.156369
     2      3   0.156451
     2      4   0.138235
     2      5   0.115549
     3      0   0.115575
     3      1   0.138083
     3      2   0.156376
     3      3   0.156464
     3      4   0.138258
     3      5   0.115577
     4      0   0.084362
     4      1   0.110140
     4      2   0.136770
     4      3   0.136964
     4      4   0.110653
     4      5   0.084911
     5      0   0.059838
     5      1   0.084000
     5      2   0.114030
     5      3   0.114118
     5      4   0.084213
     5      5   0.060000
