     X      Y hole density (D=24k)
     0      0   0.026289
     0      1   0.034458
     0      2   0.050929
     0      3   0.050945
     0      4   0.034496
     0      5   0.026321
     1      0   0.034493
     1      1   0.041459
     1      2   0.066984
     1      3   0.067013
     1      4   0.041539
     1      5   0.034583
     2      0   0.051191
     2      1   0.067196
     2      2   0.126842
     2      3   0.126838
     2      4   0.067204
     2      5   0.051194
     3      0   0.051187
     3      1   0.067194
     3      2   0.126840
     3      3   0.126837
     3      4   0.067205
     3      5   0.051197
     4      0   0.034498
     4      1   0.041464
     4      2   0.066989
     4      3   0.067017
     4      4   0.041543
     4      5   0.034585
     5      0   0.026295
     5      1   0.034464
     5      2   0.050935
     5      3   0.050951
     5      4   0.034501
     5      5   0.026325
