    X1     Y1     X2     Y2 <S(X1,Y1).S(X2,Y2)> (D=24k)
     0      0      0      0   0.682153
     0      0      0      1  -0.371754
     0      0      0      2   0.111633
     0      0      0      3  -0.064241
     0      0      0      4   0.024089
     0      0      0      5  -0.014687
     0      0      1      0  -0.371963
     0      0      1      1   0.154643
     0      0      1      2  -0.113370
     0      0      1      3   0.051061
     0      0      1      4  -0.025968
     0      0      1      5   0.010203
     0      0      2      0   0.111358
     0      0      2      1  -0.113097
     0      0      2      2   0.031865
     0      0      2      3  -0.023725
     0      0      2      4   0.009573
     0      0      2      5  -0.003088
     0      0      3      0  -0.063765
     0      0      3      1   0.050404
     0      0      3      2  -0.023458
     0      0      3      3  -0.010873
     0      0      3      4   0.001622
     0      0      3      5  -0.013874
     0      0      4      0   0.023057
     0      0      4      1  -0.024959
     0      0      4      2   0.009155
     0      0      4      3   0.001742
     0      0      4      4  -0.008951
     0      0      4      5   0.009450
     0      0      5      0  -0.013843
     0      0      5      1   0.009552
     0      0      5      2  -0.002486
     0      0      5      3  -0.013535
     0      0      5      4   0.009596
     0      0      5      5  -0.023519
     0      1      0      0  -0.371754
     0      1      0      1   0.662334
     0      1      0      2  -0.261845
     0      1      0      3   0.084257
     0      1      0      4  -0.039767
     0      1      0      5   0.024079
     0      1      1      0   0.155070
     0      1      1      1  -0.271486
     0      1      1      2   0.118068
     0      1      1      3  -0.078317
     0      1      1      4   0.039089
     0      1      1      5  -0.022418
     0      1      2      0  -0.110518
     0      1      2      1   0.092798
     0      1      2      2  -0.051044
     0      1      2      3   0.024043
     0      1      2      4  -0.023652
     0      1      2      5   0.010859
     0      1      3      0   0.050351
     0      1      3      1  -0.050289
     0      1      3      2   0.019335
     0      1      3      3  -0.003421
     0      1      3      4   0.007180
     0      1      3      5  -0.001581
     0      1      4      0  -0.021509
     0      1      4      1   0.022449
     0      1      4      2  -0.012216
     0      1      4      3   0.002380
     0      1      4      4  -0.001646
     0      1      4      5  -0.002786
     0      1      5      0   0.009554
     0      1      5      1  -0.009630
     0      1      5      2   0.000952
     0      1      5      3   0.005251
     0      1      5      4  -0.003779
     0      1      5      5   0.009609
     0      2      0      0   0.111633
     0      2      0      1  -0.261845
     0      2      0      2   0.651303
     0      2      0      3  -0.276241
     0      2      0      4   0.084240
     0      2      0      5  -0.064211
     0      2      1      0  -0.110810
     0      2      1      1   0.124296
     0      2      1      2  -0.273752
     0      2      1      3   0.113120
     0      2      1      4  -0.085718
     0      2      1      5   0.050914
     0      2      2      0   0.058647
     0      2      2      1  -0.078219
     0      2      2      2   0.049876
     0      2      2      3  -0.053434
     0      2      2      4   0.042317
     0      2      2      5  -0.038823
     0      2      3      0  -0.038500
     0      2      3      1   0.032768
     0      2      3      2  -0.013025
     0      2      3      3   0.000981
     0      2      3      4  -0.019070
     0      2      3      5   0.009192
     0      2      4      0   0.010343
     0      2      4      1  -0.013382
     0      2      4      2   0.002049
     0      2      4      3   0.001554
     0      2      4      4   0.001406
     0      2      4      5  -0.001401
     0      2      5      0  -0.002484
     0      2      5      1   0.000948
     0      2      5      2   0.007508
     0      2      5      3  -0.013821
     0      2      5      4   0.005318
     0      2      5      5  -0.013677
     0      3      0      0  -0.064241
     0      3      0      1   0.084257
     0      3      0      2  -0.276241
     0      3      0      3   0.651294
     0      3      0      4  -0.261852
     0      3      0      5   0.111615
     0      3      1      0   0.050959
     0      3      1      1  -0.085752
     0      3      1      2   0.113130
     0      3      1      3  -0.273676
     0      3      1      4   0.124231
     0      3      1      5  -0.110762
     0      3      2      0  -0.038827
     0      3      2      1   0.042347
     0      3      2      2  -0.053430
     0      3      2      3   0.049830
     0      3      2      4  -0.078170
     0      3      2      5   0.058575
     0      3      3      0   0.009153
     0      3      3      1  -0.019099
     0      3      3      2   0.000971
     0      3      3      3  -0.013003
     0      3      3      4   0.032733
     0      3      3      5  -0.038355
     0      3      4      0  -0.001343
     0      3      4      1   0.001358
     0      3      4      2   0.001553
     0      3      4      3   0.002049
     0      3      4      4  -0.013524
     0      3      4      5   0.010466
     0      3      5      0  -0.013537
     0      3      5      1   0.005253
     0      3      5      2  -0.013822
     0      3      5      3   0.007503
     0      3      5      4   0.000915
     0      3      5      5  -0.002557
     0      4      0      0   0.024089
     0      4      0      1  -0.039767
     0      4      0      2   0.084240
     0      4      0      3  -0.261852
     0      4      0      4   0.662312
     0      4      0      5  -0.371800
     0      4      1      0  -0.022438
     0      4      1      1   0.039098
     0      4      1      2  -0.078307
     0      4      1      3   0.118018
     0      4      1      4  -0.271307
     0      4      1      5   0.155007
     0      4      2      0   0.010847
     0      4      2      1  -0.023640
     0      4      2      2   0.024019
     0      4      2      3  -0.050970
     0      4      2      4   0.092630
     0      4      2      5  -0.110402
     0      4      3      0  -0.001566
     0      4      3      1   0.007144
     0      4      3      2  -0.003426
     0      4      3      3   0.019327
     0      4      3      4  -0.049996
     0      4      3      5   0.050110
     0      4      4      0  -0.002855
     0      4      4      1  -0.001567
     0      4      4      2   0.002339
     0      4      4      3  -0.012138
     0      4      4      4   0.022525
     0      4      4      5  -0.021663
     0      4      5      0   0.009599
     0      4      5      1  -0.003784
     0      4      5      2   0.005319
     0      4      5      3   0.000914
     0      4      5      4  -0.009596
     0      4      5      5   0.009539
     0      5      0      0  -0.014687
     0      5      0      1   0.024079
     0      5      0      2  -0.064211
     0      5      0      3   0.111615
     0      5      0      4  -0.371800
     0      5      0      5   0.682138
     0      5      1      0   0.010216
     0      5      1      1  -0.025959
     0      5      1      2   0.051039
     0      5      1      3  -0.113324
     0      5      1      4   0.154559
     0      5      1      5  -0.371810
     0      5      2      0  -0.003048
     0      5      2      1   0.009560
     0      5      2      2  -0.023695
     0      5      2      3   0.031806
     0      5      2      4  -0.112944
     0      5      2      5   0.111059
     0      5      3      0  -0.013953
     0      5      3      1   0.001676
     0      5      3      2  -0.010901
     0      5      3      3  -0.023398
     0      5      3      4   0.050287
     0      5      3      5  -0.063197
     0      5      4      0   0.009494
     0      5      4      1  -0.009080
     0      5      4      2   0.001757
     0      5      4      3   0.009126
     0      5      4      4  -0.025106
     0      5      4      5   0.023320
     0      5      5      0  -0.023515
     0      5      5      1   0.009610
     0      5      5      2  -0.013675
     0      5      5      3  -0.002558
     0      5      5      4   0.009539
     0      5      5      5  -0.014021
     1      0      0      0  -0.371963
     1      0      0      1   0.155070
     1      0      0      2  -0.110810
     1      0      0      3   0.050959
     1      0      0      4  -0.022438
     1      0      0      5   0.010216
     1      0      1      0   0.662335
     1      0      1      1  -0.271626
     1      0      1      2   0.093136
     1      0      1      3  -0.050855
     1      0      1      4   0.023337
     1      0      1      5  -0.010334
     1      0      2      0  -0.261289
     1      0      2      1   0.117867
     1      0      2      2  -0.051181
     1      0      2      3   0.019703
     1      0      2      4  -0.012682
     1      0      2      5   0.001229
     1      0      3      0   0.083358
     1      0      3      1  -0.077413
     1      0      3      2   0.023869
     1      0      3      3  -0.003589
     1      0      3      4   0.002485
     1      0      3      5   0.005176
     1      0      4      0  -0.038328
     1      0      4      1   0.038057
     1      0      4      2  -0.022984
     1      0      4      3   0.007029
     1      0      4      4  -0.001770
     1      0      4      5  -0.003749
     1      0      5      0   0.023052
     1      0      5      1  -0.021501
     1      0      5      2   0.010338
     1      0      5      3  -0.001341
     1      0      5      4  -0.002856
     1      0      5      5   0.009494
     1      1      0      0   0.154643
     1      1      0      1  -0.271486
     1      1      0      2   0.124296
     1      1      0      3  -0.085752
     1      1      0      4   0.039098
     1      1      0      5  -0.025959
     1      1      1      0  -0.271626
     1      1      1      1   0.649255
     1      1      1      2  -0.230626
     1      1      1      3   0.074731
     1      1      1      4  -0.043595
     1      1      1      5   0.023320
     1      1      2      0   0.124100
     1      1      2      1  -0.229805
     1      1      2      2   0.069737
     1      1      2      3  -0.041965
     1      1      2      4   0.025501
     1      1      2      5  -0.013969
     1      1      3      0  -0.084948
     1      1      3      1   0.073816
     1      1      3      2  -0.041371
     1      1      3      3   0.008327
     1      1      3      4  -0.013599
     1      1      3      5   0.001590
     1      1      4      0   0.038059
     1      1      4      1  -0.042517
     1      1      4      2   0.024920
     1      1      4      3  -0.013257
     1      1      4      4   0.006029
     1      1      4      5  -0.001758
     1      1      5      0  -0.024958
     1      1      5      1   0.022444
     1      1      5      2  -0.013379
     1      1      5      3   0.001355
     1      1      5      4  -0.001571
     1      1      5      5  -0.009080
     1      2      0      0  -0.113370
     1      2      0      1   0.118068
     1      2      0      2  -0.273752
     1      2      0      3   0.113130
     1      2      0      4  -0.078307
     1      2      0      5   0.051039
     1      2      1      0   0.093136
     1      2      1      1  -0.230626
     1      2      1      2   0.630029
     1      2      1      3  -0.199600
     1      2      1      4   0.074703
     1      2      1      5  -0.050821
     1      2      2      0  -0.078396
     1      2      2      1   0.091359
     1      2      2      2  -0.179196
     1      2      2      3   0.061120
     1      2      2      4  -0.055567
     1      2      2      5   0.033194
     1      2      3      0   0.042102
     1      2      3      1  -0.055004
     1      2      3      2   0.032596
     1      2      3      3  -0.025232
     1      2      3      4   0.024788
     1      2      3      5  -0.019290
     1      2      4      0  -0.022984
     1      2      4      1   0.024920
     1      2      4      2  -0.016691
     1      2      4      3   0.010276
     1      2      4      4  -0.013349
     1      2      4      5   0.007085
     1      2      5      0   0.009149
     1      2      5      1  -0.012210
     1      2      5      2   0.002045
     1      2      5      3   0.001558
     1      2      5      4   0.002342
     1      2      5      5   0.001755
     1      3      0      0   0.051061
     1      3      0      1  -0.078317
     1      3      0      2   0.113120
     1      3      0      3  -0.273676
     1      3      0      4   0.118018
     1      3      0      5  -0.113324
     1      3      1      0  -0.050855
     1      3      1      1   0.074731
     1      3      1      2  -0.199600
     1      3      1      3   0.630012
     1      3      1      4  -0.230590
     1      3      1      5   0.093066
     1      3      2      0   0.033206
     1      3      2      1  -0.055581
     1      3      2      2   0.061124
     1      3      2      3  -0.179132
     1      3      2      4   0.091302
     1      3      2      5  -0.078341
     1      3      3      0  -0.019265
     1      3      3      1   0.024761
     1      3      3      2  -0.025278
     1      3      3      3   0.032648
     1      3      3      4  -0.055005
     1      3      3      5   0.042097
     1      3      4      0   0.007027
     1      3      4      1  -0.013253
     1      3      4      2   0.010273
     1      3      4      3  -0.016740
     1      3      4      4   0.025011
     1      3      4      5  -0.023223
     1      3      5      0   0.001748
     1      3      5      1   0.002374
     1      3      5      2   0.001559
     1      3      5      3   0.002048
     1      3      5      4  -0.012136
     1      3      5      5   0.009130
     1      4      0      0  -0.025968
     1      4      0      1   0.039089
     1      4      0      2  -0.085718
     1      4      0      3   0.124231
     1      4      0      4  -0.271307
     1      4      0      5   0.154559
     1      4      1      0   0.023337
     1      4      1      1  -0.043595
     1      4      1      2   0.074703
     1      4      1      3  -0.230590
     1      4      1      4   0.649206
     1      4      1      5  -0.271597
     1      4      2      0  -0.013949
     1      4      2      1   0.025491
     1      4      2      2  -0.041937
     1      4      2      3   0.069688
     1      4      2      4  -0.229569
     1      4      2      5   0.123975
     1      4      3      0   0.001561
     1      4      3      1  -0.013595
     1      4      3      2   0.008311
     1      4      3      3  -0.041481
     1      4      3      4   0.073954
     1      4      3      5  -0.084913
     1      4      4      0  -0.001767
     1      4      4      1   0.006024
     1      4      4      2  -0.013340
     1      4      4      3   0.025006
     1      4      4      4  -0.042918
     1      4      4      5   0.038396
     1      4      5      0  -0.008955
     1      4      5      1  -0.001639
     1      4      5      2   0.001399
     1      4      5      3  -0.013516
     1      4      5      4   0.022515
     1      4      5      5  -0.025092
     1      5      0      0   0.010203
     1      5      0      1  -0.022418
     1      5      0      2   0.050914
     1      5      0      3  -0.110762
     1      5      0      4   0.155007
     1      5      0      5  -0.371810
     1      5      1      0  -0.010334
     1      5      1      1   0.023320
     1      5      1      2  -0.050821
     1      5      1      3   0.093066
     1      5      1      4  -0.271597
     1      5      1      5   0.662302
     1      5      2      0   0.001199
     1      5      2      1  -0.012651
     1      5      2      2   0.019663
     1      5      2      3  -0.051139
     1      5      2      4   0.117789
     1      5      2      5  -0.260764
     1      5      3      0   0.005229
     1      5      3      1   0.002432
     1      5      3      2  -0.003541
     1      5      3      3   0.023847
     1      5      3      4  -0.077639
     1      5      3      5   0.083505
     1      5      4      0  -0.003749
     1      5      4      1  -0.001754
     1      5      4      2   0.007080
     1      5      4      3  -0.023210
     1      5      4      4   0.038391
     1      5      4      5  -0.039153
     1      5      5      0   0.009453
     1      5      5      1  -0.002788
     1      5      5      2  -0.001391
     1      5      5      3   0.010459
     1      5      5      4  -0.021647
     1      5      5      5   0.023311
     2      0      0      0   0.111358
     2      0      0      1  -0.110518
     2      0      0      2   0.058647
     2      0      0      3  -0.038827
     2      0      0      4   0.010847
     2      0      0      5  -0.003048
     2      0      1      0  -0.261289
     2      0      1      1   0.124100
     2      0      1      2  -0.078396
     2      0      1      3   0.033206
     2      0      1      4  -0.013949
     2      0      1      5   0.001199
     2      0      2      0   0.651236
     2      0      2      1  -0.274289
     2      0      2      2   0.050113
     2      0      2      3  -0.013268
     2      0      2      4   0.002186
     2      0      2      5   0.007624
     2      0      3      0  -0.274306
     2      0      3      1   0.112724
     2      0      3      2  -0.053611
     2      0      3      3   0.001134
     2      0      3      4   0.001602
     2      0      3      5  -0.014229
     2      0      4      0   0.083361
     2      0      4      1  -0.084953
     2      0      4      2   0.042101
     2      0      4      3  -0.019264
     2      0      4      4   0.001560
     2      0      4      5   0.005230
     2      0      5      0  -0.063758
     2      0      5      1   0.050345
     2      0      5      2  -0.038497
     2      0      5      3   0.009151
     2      0      5      4  -0.001566
     2      0      5      5  -0.013954
     2      1      0      0  -0.113097
     2      1      0      1   0.092798
     2      1      0      2  -0.078219
     2      1      0      3   0.042347
     2      1      0      4  -0.023640
     2      1      0      5   0.009560
     2      1      1      0   0.117867
     2      1      1      1  -0.229805
     2      1      1      2   0.091359
     2      1      1      3  -0.055581
     2      1      1      4   0.025491
     2      1      1      5  -0.012651
     2      1      2      0  -0.274289
     2      1      2      1   0.629931
     2      1      2      2  -0.180225
     2      1      2      3   0.033152
     2      1      2      4  -0.017048
     2      1      2      5   0.002181
     2      1      3      0   0.112725
     2      1      3      1  -0.197761
     2      1      3      2   0.060934
     2      1      3      3  -0.025656
     2      1      3      4   0.010419
     2      1      3      5   0.001609
     2      1      4      0  -0.077422
     2      1      4      1   0.073819
     2      1      4      2  -0.055006
     2      1      4      3   0.024761
     2      1      4      4  -0.013596
     2      1      4      5   0.002432
     2      1      5      0   0.050402
     2      1      5      1  -0.050280
     2      1      5      2   0.032766
     2      1      5      3  -0.019096
     2      1      5      4   0.007145
     2      1      5      5   0.001676
     2      2      0      0   0.031865
     2      2      0      1  -0.051044
     2      2      0      2   0.049876
     2      2      0      3  -0.053430
     2      2      0      4   0.024019
     2      2      0      5  -0.023695
     2      2      1      0  -0.051181
     2      2      1      1   0.069737
     2      2      1      2  -0.179196
     2      2      1      3   0.061124
     2      2      1      4  -0.041937
     2      2      1      5   0.019663
     2      2      2      0   0.050113
     2      2      2      1  -0.180225
     2      2      2      2   0.591018
     2      2      2      3  -0.157151
     2      2      2      4   0.033141
     2      2      2      5  -0.013245
     2      2      3      0  -0.053612
     2      2      3      1   0.060934
     2      2      3      2  -0.155494
     2      2      3      3   0.029174
     2      2      3      4  -0.025653
     2      2      3      5   0.001124
     2      2      4      0   0.023867
     2      2      4      1  -0.041373
     2      2      4      2   0.032596
     2      2      4      3  -0.025283
     2      2      4      4   0.008312
     2      2      4      5  -0.003541
     2      2      5      0  -0.023459
     2      2      5      1   0.019333
     2      2      5      2  -0.013018
     2      2      5      3   0.000967
     2      2      5      4  -0.003426
     2      2      5      5  -0.010903
     2      3      0      0  -0.023725
     2      3      0      1   0.024043
     2      3      0      2  -0.053434
     2      3      0      3   0.049830
     2      3      0      4  -0.050970
     2      3      0      5   0.031806
     2      3      1      0   0.019703
     2      3      1      1  -0.041965
     2      3      1      2   0.061120
     2      3      1      3  -0.179132
     2      3      1      4   0.069688
     2      3      1      5  -0.051139
     2      3      2      0  -0.013268
     2      3      2      1   0.033152
     2      3      2      2  -0.157151
     2      3      2      3   0.591019
     2      3      2      4  -0.180157
     2      3      2      5   0.050072
     2      3      3      0   0.001134
     2      3      3      1  -0.025655
     2      3      3      2   0.029172
     2      3      3      3  -0.155690
     2      3      3      4   0.060986
     2      3      3      5  -0.053570
     2      3      4      0  -0.003588
     2      3      4      1   0.008326
     2      3      4      2  -0.025229
     2      3      4      3   0.032649
     2      3      4      4  -0.041485
     2      3      4      5   0.023849
     2      3      5      0  -0.010879
     2      3      5      1  -0.003419
     2      3      5      2   0.000972
     2      3      5      3  -0.012996
     2      3      5      4   0.019327
     2      3      5      5  -0.023398
     2      4      0      0   0.009573
     2      4      0      1  -0.023652
     2      4      0      2   0.042317
     2      4      0      3  -0.078170
     2      4      0      4   0.092630
     2      4      0      5  -0.112944
     2      4      1      0  -0.012682
     2      4      1      1   0.025501
     2      4      1      2  -0.055567
     2      4      1      3   0.091302
     2      4      1      4  -0.229569
     2      4      1      5   0.117789
     2      4      2      0   0.002186
     2      4      2      1  -0.017048
     2      4      2      2   0.033141
     2      4      2      3  -0.180157
     2      4      2      4   0.629919
     2      4      2      5  -0.274047
     2      4      3      0   0.001601
     2      4      3      1   0.010419
     2      4      3      2  -0.025651
     2      4      3      3   0.060984
     2      4      3      4  -0.198395
     2      4      3      5   0.112787
     2      4      4      0   0.002483
     2      4      4      1  -0.013599
     2      4      4      2   0.024784
     2      4      4      3  -0.055003
     2      4      4      4   0.073952
     2      4      4      5  -0.077640
     2      4      5      0   0.001625
     2      4      5      1   0.007177
     2      4      5      2  -0.019065
     2      4      5      3   0.032727
     2      4      5      4  -0.049985
     2      4      5      5   0.050280
     2      5      0      0  -0.003088
     2      5      0      1   0.010859
     2      5      0      2  -0.038823
     2      5      0      3   0.058575
     2      5      0      4  -0.110402
     2      5      0      5   0.111059
     2      5      1      0   0.001229
     2      5      1      1  -0.013969
     2      5      1      2   0.033194
     2      5      1      3  -0.078341
     2      5      1      4   0.123975
     2      5      1      5  -0.260764
     2      5      2      0   0.007624
     2      5      2      1   0.002181
     2      5      2      2  -0.013245
     2      5      2      3   0.050072
     2      5      2      4  -0.274047
     2      5      2      5   0.651204
     2      5      3      0  -0.014229
     2      5      3      1   0.001609
     2      5      3      2   0.001123
     2      5      3      3  -0.053568
     2      5      3      4   0.112782
     2      5      3      5  -0.275475
     2      5      4      0   0.005177
     2      5      4      1   0.001588
     2      5      4      2  -0.019288
     2      5      4      3   0.042091
     2      5      4      4  -0.084897
     2      5      4      5   0.083497
     2      5      5      0  -0.013882
     2      5      5      1  -0.001579
     2      5      5      2   0.009186
     2      5      5      3  -0.038350
     2      5      5      4   0.050095
     2      5      5      5  -0.063175
     3      0      0      0  -0.063765
     3      0      0      1   0.050351
     3      0      0      2  -0.038500
     3      0      0      3   0.009153
     3      0      0      4  -0.001566
     3      0      0      5  -0.013953
     3      0      1      0   0.083358
     3      0      1      1  -0.084948
     3      0      1      2   0.042102
     3      0      1      3  -0.019265
     3      0      1      4   0.001561
     3      0      1      5   0.005229
     3      0      2      0  -0.274306
     3      0      2      1   0.112725
     3      0      2      2  -0.053612
     3      0      2      3   0.001134
     3      0      2      4   0.001601
     3      0      2      5  -0.014229
     3      0      3      0   0.651243
     3      0      3      1  -0.274288
     3      0      3      2   0.050114
     3      0      3      3  -0.013268
     3      0      3      4   0.002186
     3      0      3      5   0.007624
     3      0      4      0  -0.261293
     3      0      4      1   0.124098
     3      0      4      2  -0.078395
     3      0      4      3   0.033204
     3      0      4      4  -0.013948
     3      0      4      5   0.001197
     3      0      5      0   0.111353
     3      0      5      1  -0.110512
     3      0      5      2   0.058642
     3      0      5      3  -0.038825
     3      0      5      4   0.010845
     3      0      5      5  -0.003048
     3      1      0      0   0.050404
     3      1      0      1  -0.050289
     3      1      0      2   0.032768
     3      1      0      3  -0.019099
     3      1      0      4   0.007144
     3      1      0      5   0.001676
     3      1      1      0  -0.077413
     3      1      1      1   0.073816
     3      1      1      2  -0.055004
     3      1      1      3   0.024761
     3      1      1      4  -0.013595
     3      1      1      5   0.002432
     3      1      2      0   0.112724
     3      1      2      1  -0.197761
     3      1      2      2   0.060934
     3      1      2      3  -0.025655
     3      1      2      4   0.010419
     3      1      2      5   0.001609
     3      1      3      0  -0.274288
     3      1      3      1   0.629937
     3      1      3      2  -0.180225
     3      1      3      3   0.033153
     3      1      3      4  -0.017049
     3      1      3      5   0.002181
     3      1      4      0   0.117869
     3      1      4      1  -0.229807
     3      1      4      2   0.091358
     3      1      4      3  -0.055580
     3      1      4      4   0.025490
     3      1      4      5  -0.012651
     3      1      5      0  -0.113097
     3      1      5      1   0.092794
     3      1      5      2  -0.078218
     3      1      5      3   0.042343
     3      1      5      4  -0.023640
     3      1      5      5   0.009558
     3      2      0      0  -0.023458
     3      2      0      1   0.019335
     3      2      0      2  -0.013025
     3      2      0      3   0.000971
     3      2      0      4  -0.003426
     3      2      0      5  -0.010901
     3      2      1      0   0.023869
     3      2      1      1  -0.041371
     3      2      1      2   0.032596
     3      2      1      3  -0.025278
     3      2      1      4   0.008311
     3      2      1      5  -0.003541
     3      2      2      0  -0.053611
     3      2      2      1   0.060934
     3      2      2      2  -0.155494
     3      2      2      3   0.029172
     3      2      2      4  -0.025651
     3      2      2      5   0.001123
     3      2      3      0   0.050114
     3      2      3      1  -0.180225
     3      2      3      2   0.591022
     3      2      3      3  -0.157149
     3      2      3      4   0.033140
     3      2      3      5  -0.013244
     3      2      4      0  -0.051182
     3      2      4      1   0.069736
     3      2      4      2  -0.179199
     3      2      4      3   0.061124
     3      2      4      4  -0.041937
     3      2      4      5   0.019662
     3      2      5      0   0.031863
     3      2      5      1  -0.051044
     3      2      5      2   0.049874
     3      2      5      3  -0.053429
     3      2      5      4   0.024017
     3      2      5      5  -0.023695
     3      3      0      0  -0.010873
     3      3      0      1  -0.003421
     3      3      0      2   0.000981
     3      3      0      3  -0.013003
     3      3      0      4   0.019327
     3      3      0      5  -0.023398
     3      3      1      0  -0.003589
     3      3      1      1   0.008327
     3      3      1      2  -0.025232
     3      3      1      3   0.032648
     3      3      1      4  -0.041481
     3      3      1      5   0.023847
     3      3      2      0   0.001134
     3      3      2      1  -0.025656
     3      3      2      2   0.029174
     3      3      2      3  -0.155690
     3      3      2      4   0.060984
     3      3      2      5  -0.053568
     3      3      3      0  -0.013268
     3      3      3      1   0.033153
     3      3      3      2  -0.157149
     3      3      3      3   0.591020
     3      3      3      4  -0.180155
     3      3      3      5   0.050071
     3      3      4      0   0.019702
     3      3      4      1  -0.041966
     3      3      4      2   0.061120
     3      3      4      3  -0.179131
     3      3      4      4   0.069688
     3      3      4      5  -0.051138
     3      3      5      0  -0.023723
     3      3      5      1   0.024040
     3      3      5      2  -0.053433
     3      3      5      3   0.049826
     3      3      5      4  -0.050971
     3      3      5      5   0.031804
     3      4      0      0   0.001622
     3      4      0      1   0.007180
     3      4      0      2  -0.019070
     3      4      0      3   0.032733
     3      4      0      4  -0.049996
     3      4      0      5   0.050287
     3      4      1      0   0.002485
     3      4      1      1  -0.013599
     3      4      1      2   0.024788
     3      4      1      3  -0.055005
     3      4      1      4   0.073954
     3      4      1      5  -0.077639
     3      4      2      0   0.001602
     3      4      2      1   0.010419
     3      4      2      2  -0.025653
     3      4      2      3   0.060986
     3      4      2      4  -0.198395
     3      4      2      5   0.112782
     3      4      3      0   0.002186
     3      4      3      1  -0.017049
     3      4      3      2   0.033140
     3      4      3      3  -0.180155
     3      4      3      4   0.629915
     3      4      3      5  -0.274040
     3      4      4      0  -0.012681
     3      4      4      1   0.025500
     3      4      4      2  -0.055566
     3      4      4      3   0.091299
     3      4      4      4  -0.229564
     3      4      4      5   0.117788
     3      4      5      0   0.009571
     3      4      5      1  -0.023652
     3      4      5      2   0.042313
     3      4      5      3  -0.078169
     3      4      5      4   0.092627
     3      4      5      5  -0.112945
     3      5      0      0  -0.013874
     3      5      0      1  -0.001581
     3      5      0      2   0.009192
     3      5      0      3  -0.038355
     3      5      0      4   0.050110
     3      5      0      5  -0.063197
     3      5      1      0   0.005176
     3      5      1      1   0.001590
     3      5      1      2  -0.019290
     3      5      1      3   0.042097
     3      5      1      4  -0.084913
     3      5      1      5   0.083505
     3      5      2      0  -0.014229
     3      5      2      1   0.001609
     3      5      2      2   0.001124
     3      5      2      3  -0.053570
     3      5      2      4   0.112787
     3      5      2      5  -0.275475
     3      5      3      0   0.007624
     3      5      3      1   0.002181
     3      5      3      2  -0.013244
     3      5      3      3   0.050071
     3      5      3      4  -0.274040
     3      5      3      5   0.651199
     3      5      4      0   0.001228
     3      5      4      1  -0.013968
     3      5      4      2   0.033191
     3      5      4      3  -0.078337
     3      5      4      4   0.123968
     3      5      4      5  -0.260750
     3      5      5      0  -0.003087
     3      5      5      1   0.010857
     3      5      5      2  -0.038820
     3      5      5      3   0.058570
     3      5      5      4  -0.110400
     3      5      5      5   0.111051
     4      0      0      0   0.023057
     4      0      0      1  -0.021509
     4      0      0      2   0.010343
     4      0      0      3  -0.001343
     4      0      0      4  -0.002855
     4      0      0      5   0.009494
     4      0      1      0  -0.038328
     4      0      1      1   0.038059
     4      0      1      2  -0.022984
     4      0      1      3   0.007027
     4      0      1      4  -0.001767
     4      0      1      5  -0.003749
     4      0      2      0   0.083361
     4      0      2      1  -0.077422
     4      0      2      2   0.023867
     4      0      2      3  -0.003588
     4      0      2      4   0.002483
     4      0      2      5   0.005177
     4      0      3      0  -0.261293
     4      0      3      1   0.117869
     4      0      3      2  -0.051182
     4      0      3      3   0.019702
     4      0      3      4  -0.012681
     4      0      3      5   0.001228
     4      0      4      0   0.662330
     4      0      4      1  -0.271617
     4      0      4      2   0.093129
     4      0      4      3  -0.050851
     4      0      4      4   0.023334
     4      0      4      5  -0.010332
     4      0      5      0  -0.371947
     4      0      5      1   0.155061
     4      0      5      2  -0.110803
     4      0      5      3   0.050953
     4      0      5      4  -0.022435
     4      0      5      5   0.010213
     4      1      0      0  -0.024959
     4      1      0      1   0.022449
     4      1      0      2  -0.013382
     4      1      0      3   0.001358
     4      1      0      4  -0.001567
     4      1      0      5  -0.009080
     4      1      1      0   0.038057
     4      1      1      1  -0.042517
     4      1      1      2   0.024920
     4      1      1      3  -0.013253
     4      1      1      4   0.006024
     4      1      1      5  -0.001754
     4      1      2      0  -0.084953
     4      1      2      1   0.073819
     4      1      2      2  -0.041373
     4      1      2      3   0.008326
     4      1      2      4  -0.013599
     4      1      2      5   0.001588
     4      1      3      0   0.124098
     4      1      3      1  -0.229807
     4      1      3      2   0.069736
     4      1      3      3  -0.041966
     4      1      3      4   0.025500
     4      1      3      5  -0.013968
     4      1      4      0  -0.271617
     4      1      4      1   0.649251
     4      1      4      2  -0.230617
     4      1      4      3   0.074725
     4      1      4      4  -0.043591
     4      1      4      5   0.023317
     4      1      5      0   0.154634
     4      1      5      1  -0.271475
     4      1      5      2   0.124288
     4      1      5      3  -0.085746
     4      1      5      4   0.039094
     4      1      5      5  -0.025957
     4      2      0      0   0.009155
     4      2      0      1  -0.012216
     4      2      0      2   0.002049
     4      2      0      3   0.001553
     4      2      0      4   0.002339
     4      2      0      5   0.001757
     4      2      1      0  -0.022984
     4      2      1      1   0.024920
     4      2      1      2  -0.016691
     4      2      1      3   0.010273
     4      2      1      4  -0.013340
     4      2      1      5   0.007080
     4      2      2      0   0.042101
     4      2      2      1  -0.055006
     4      2      2      2   0.032596
     4      2      2      3  -0.025229
     4      2      2      4   0.024784
     4      2      2      5  -0.019288
     4      2      3      0  -0.078395
     4      2      3      1   0.091358
     4      2      3      2  -0.179199
     4      2      3      3   0.061120
     4      2      3      4  -0.055566
     4      2      3      5   0.033191
     4      2      4      0   0.093129
     4      2      4      1  -0.230617
     4      2      4      2   0.630026
     4      2      4      3  -0.199593
     4      2      4      4   0.074698
     4      2      4      5  -0.050816
     4      2      5      0  -0.113362
     4      2      5      1   0.118060
     4      2      5      2  -0.273740
     4      2      5      3   0.113122
     4      2      5      4  -0.078301
     4      2      5      5   0.051034
     4      3      0      0   0.001742
     4      3      0      1   0.002380
     4      3      0      2   0.001554
     4      3      0      3   0.002049
     4      3      0      4  -0.012138
     4      3      0      5   0.009126
     4      3      1      0   0.007029
     4      3      1      1  -0.013257
     4      3      1      2   0.010276
     4      3      1      3  -0.016740
     4      3      1      4   0.025006
     4      3      1      5  -0.023210
     4      3      2      0  -0.019264
     4      3      2      1   0.024761
     4      3      2      2  -0.025283
     4      3      2      3   0.032649
     4      3      2      4  -0.055003
     4      3      2      5   0.042091
     4      3      3      0   0.033204
     4      3      3      1  -0.055580
     4      3      3      2   0.061124
     4      3      3      3  -0.179131
     4      3      3      4   0.091299
     4      3      3      5  -0.078337
     4      3      4      0  -0.050851
     4      3      4      1   0.074725
     4      3      4      2  -0.199593
     4      3      4      3   0.630010
     4      3      4      4  -0.230583
     4      3      4      5   0.093060
     4      3      5      0   0.051056
     4      3      5      1  -0.078312
     4      3      5      2   0.113112
     4      3      5      3  -0.273665
     4      3      5      4   0.118010
     4      3      5      5  -0.113317
     4      4      0      0  -0.008951
     4      4      0      1  -0.001646
     4      4      0      2   0.001406
     4      4      0      3  -0.013524
     4      4      0      4   0.022525
     4      4      0      5  -0.025106
     4      4      1      0  -0.001770
     4      4      1      1   0.006029
     4      4      1      2  -0.013349
     4      4      1      3   0.025011
     4      4      1      4  -0.042918
     4      4      1      5   0.038391
     4      4      2      0   0.001560
     4      4      2      1  -0.013596
     4      4      2      2   0.008312
     4      4      2      3  -0.041485
     4      4      2      4   0.073952
     4      4      2      5  -0.084897
     4      4      3      0  -0.013948
     4      4      3      1   0.025490
     4      4      3      2  -0.041937
     4      4      3      3   0.069688
     4      4      3      4  -0.229564
     4      4      3      5   0.123968
     4      4      4      0   0.023334
     4      4      4      1  -0.043591
     4      4      4      2   0.074698
     4      4      4      3  -0.230583
     4      4      4      4   0.649205
     4      4      4      5  -0.271589
     4      4      5      0  -0.025964
     4      4      5      1   0.039086
     4      4      5      2  -0.085713
     4      4      5      3   0.124224
     4      4      5      4  -0.271300
     4      4      5      5   0.154552
     4      5      0      0   0.009450
     4      5      0      1  -0.002786
     4      5      0      2  -0.001401
     4      5      0      3   0.010466
     4      5      0      4  -0.021663
     4      5      0      5   0.023320
     4      5      1      0  -0.003749
     4      5      1      1  -0.001758
     4      5      1      2   0.007085
     4      5      1      3  -0.023223
     4      5      1      4   0.038396
     4      5      1      5  -0.039153
     4      5      2      0   0.005230
     4      5      2      1   0.002432
     4      5      2      2  -0.003541
     4      5      2      3   0.023849
     4      5      2      4  -0.077640
     4      5      2      5   0.083497
     4      5      3      0   0.001197
     4      5      3      1  -0.012651
     4      5      3      2   0.019662
     4      5      3      3  -0.051138
     4      5      3      4   0.117788
     4      5      3      5  -0.260750
     4      5      4      0  -0.010332
     4      5      4      1   0.023317
     4      5      4      2  -0.050816
     4      5      4      3   0.093060
     4      5      4      4  -0.271589
     4      5      4      5   0.662302
     4      5      5      0   0.010199
     4      5      5      1  -0.022415
     4      5      5      2   0.050909
     4      5      5      3  -0.110756
     4      5      5      4   0.155002
     4      5      5      5  -0.371801
     5      0      0      0  -0.013843
     5      0      0      1   0.009554
     5      0      0      2  -0.002484
     5      0      0      3  -0.013537
     5      0      0      4   0.009599
     5      0      0      5  -0.023515
     5      0      1      0   0.023052
     5      0      1      1  -0.024958
     5      0      1      2   0.009149
     5      0      1      3   0.001748
     5      0      1      4  -0.008955
     5      0      1      5   0.009453
     5      0      2      0  -0.063758
     5      0      2      1   0.050402
     5      0      2      2  -0.023459
     5      0      2      3  -0.010879
     5      0      2      4   0.001625
     5      0      2      5  -0.013882
     5      0      3      0   0.111353
     5      0      3      1  -0.113097
     5      0      3      2   0.031863
     5      0      3      3  -0.023723
     5      0      3      4   0.009571
     5      0      3      5  -0.003087
     5      0      4      0  -0.371947
     5      0      4      1   0.154634
     5      0      4      2  -0.113362
     5      0      4      3   0.051056
     5      0      4      4  -0.025964
     5      0      4      5   0.010199
     5      0      5      0   0.682149
     5      0      5      1  -0.371747
     5      0      5      2   0.111627
     5      0      5      3  -0.064237
     5      0      5      4   0.024085
     5      0      5      5  -0.014685
     5      1      0      0   0.009552
     5      1      0      1  -0.009630
     5      1      0      2   0.000948
     5      1      0      3   0.005253
     5      1      0      4  -0.003784
     5      1      0      5   0.009610
     5      1      1      0  -0.021501
     5      1      1      1   0.022444
     5      1      1      2  -0.012210
     5      1      1      3   0.002374
     5      1      1      4  -0.001639
     5      1      1      5  -0.002788
     5      1      2      0   0.050345
     5      1      2      1  -0.050280
     5      1      2      2   0.019333
     5      1      2      3  -0.003419
     5      1      2      4   0.007177
     5      1      2      5  -0.001579
     5      1      3      0  -0.110512
     5      1      3      1   0.092794
     5      1      3      2  -0.051044
     5      1      3      3   0.024040
     5      1      3      4  -0.023652
     5      1      3      5   0.010857
     5      1      4      0   0.155061
     5      1      4      1  -0.271475
     5      1      4      2   0.118060
     5      1      4      3  -0.078312
     5      1      4      4   0.039086
     5      1      4      5  -0.022415
     5      1      5      0  -0.371747
     5      1      5      1   0.662330
     5      1      5      2  -0.261841
     5      1      5      3   0.084251
     5      1      5      4  -0.039764
     5      1      5      5   0.024076
     5      2      0      0  -0.002486
     5      2      0      1   0.000952
     5      2      0      2   0.007508
     5      2      0      3  -0.013822
     5      2      0      4   0.005319
     5      2      0      5  -0.013675
     5      2      1      0   0.010338
     5      2      1      1  -0.013379
     5      2      1      2   0.002045
     5      2      1      3   0.001559
     5      2      1      4   0.001399
     5      2      1      5  -0.001391
     5      2      2      0  -0.038497
     5      2      2      1   0.032766
     5      2      2      2  -0.013018
     5      2      2      3   0.000972
     5      2      2      4  -0.019065
     5      2      2      5   0.009186
     5      2      3      0   0.058642
     5      2      3      1  -0.078218
     5      2      3      2   0.049874
     5      2      3      3  -0.053433
     5      2      3      4   0.042313
     5      2      3      5  -0.038820
     5      2      4      0  -0.110803
     5      2      4      1   0.124288
     5      2      4      2  -0.273740
     5      2      4      3   0.113112
     5      2      4      4  -0.085713
     5      2      4      5   0.050909
     5      2      5      0   0.111627
     5      2      5      1  -0.261841
     5      2      5      2   0.651299
     5      2      5      3  -0.276235
     5      2      5      4   0.084236
     5      2      5      5  -0.064208
     5      3      0      0  -0.013535
     5      3      0      1   0.005251
     5      3      0      2  -0.013821
     5      3      0      3   0.007503
     5      3      0      4   0.000914
     5      3      0      5  -0.002558
     5      3      1      0  -0.001341
     5      3      1      1   0.001355
     5      3      1      2   0.001558
     5      3      1      3   0.002048
     5      3      1      4  -0.013516
     5      3      1      5   0.010459
     5      3      2      0   0.009151
     5      3      2      1  -0.019096
     5      3      2      2   0.000967
     5      3      2      3  -0.012996
     5      3      2      4   0.032727
     5      3      2      5  -0.038350
     5      3      3      0  -0.038825
     5      3      3      1   0.042343
     5      3      3      2  -0.053429
     5      3      3      3   0.049826
     5      3      3      4  -0.078169
     5      3      3      5   0.058570
     5      3      4      0   0.050953
     5      3      4      1  -0.085746
     5      3      4      2   0.113122
     5      3      4      3  -0.273665
     5      3      4      4   0.124224
     5      3      4      5  -0.110756
     5      3      5      0  -0.064237
     5      3      5      1   0.084251
     5      3      5      2  -0.276235
     5      3      5      3   0.651289
     5      3      5      4  -0.261847
     5      3      5      5   0.111610
     5      4      0      0   0.009596
     5      4      0      1  -0.003779
     5      4      0      2   0.005318
     5      4      0      3   0.000915
     5      4      0      4  -0.009596
     5      4      0      5   0.009539
     5      4      1      0  -0.002856
     5      4      1      1  -0.001571
     5      4      1      2   0.002342
     5      4      1      3  -0.012136
     5      4      1      4   0.022515
     5      4      1      5  -0.021647
     5      4      2      0  -0.001566
     5      4      2      1   0.007145
     5      4      2      2  -0.003426
     5      4      2      3   0.019327
     5      4      2      4  -0.049985
     5      4      2      5   0.050095
     5      4      3      0   0.010845
     5      4      3      1  -0.023640
     5      4      3      2   0.024017
     5      4      3      3  -0.050971
     5      4      3      4   0.092627
     5      4      3      5  -0.110400
     5      4      4      0  -0.022435
     5      4      4      1   0.039094
     5      4      4      2  -0.078301
     5      4      4      3   0.118010
     5      4      4      4  -0.271300
     5      4      4      5   0.155002
     5      4      5      0   0.024085
     5      4      5      1  -0.039764
     5      4      5      2   0.084236
     5      4      5      3  -0.261847
     5      4      5      4   0.662308
     5      4      5      5  -0.371795
     5      5      0      0  -0.023519
     5      5      0      1   0.009609
     5      5      0      2  -0.013677
     5      5      0      3  -0.002557
     5      5      0      4   0.009539
     5      5      0      5  -0.014021
     5      5      1      0   0.009494
     5      5      1      1  -0.009080
     5      5      1      2   0.001755
     5      5      1      3   0.009130
     5      5      1      4  -0.025092
     5      5      1      5   0.023311
     5      5      2      0  -0.013954
     5      5      2      1   0.001676
     5      5      2      2  -0.010903
     5      5      2      3  -0.023398
     5      5      2      4   0.050280
     5      5      2      5  -0.063175
     5      5      3      0  -0.003048
     5      5      3      1   0.009558
     5      5      3      2  -0.023695
     5      5      3      3   0.031804
     5      5      3      4  -0.112945
     5      5      3      5   0.111051
     5      5      4      0   0.010213
     5      5      4      1  -0.025957
     5      5      4      2   0.051034
     5      5      4      3  -0.113317
     5      5      4      4   0.154552
     5      5      4      5  -0.371801
     5      5      5      0  -0.014685
     5      5      5      1   0.024076
     5      5      5      2  -0.064208
     5      5      5      3   0.111610
     5      5      5      4  -0.371795
     5      5      5      5   0.682136
